1218508	9990.0
7460	4974.0
1686310	3621.0
1196095	3489.0
1684	2981.0
207650	2103.0
132113	1586.0
2745119	1567.0
2050976	1439.0
103933	1438.0
470	1412.0
2745120	1375.0
1196083	1219.0
1218492	1150.0
1631	833.0
7461	781.0
182803	768.0
2705177	741.0
40302	737.0
109461	702.0
1218507	660.0
1267021	651.0
166423	574.0
1970738	450.0
2745121	406.0
1100043	379.0
303541	354.0
192012	338.0
2170413	304.0
516756	291.0
151549	291.0
1545702	265.0
86971	219.0
38018	180.0
7463	168.0
1545701	158.0
7462	149.0
1394175	144.0
1394176	138.0
1218506	132.0
1691	106.0
407821	105.0
441921	102.0
2202564	100.0
1218493	100.0
2069350	95.0
1687	93.0
597456	91.0
30195	89.0
7070	79.0
1218494	76.0
57577	71.0
1505727	67.0
1303590	67.0
28612	66.0
561572	62.0
2069347	58.0
506608	57.0
7245	56.0
300112	56.0
1970465	55.0
2069346	54.0
178035	54.0
456900	48.0
2478912	45.0
2025113	45.0
2025114	44.0
5949	43.0
35608	43.0
4265	41.0
562	40.0
7227	39.0
148814	39.0
1658766	38.0
34720	37.0
105785	36.0
66420	35.0
34305	35.0
59916	33.0
104421	32.0
709323	31.0
471704	31.0
2747534	30.0
948	28.0
686666	28.0
2705033	27.0
2015173	27.0
3656	26.0
197152	26.0
147802	26.0
9606	25.0
3880	25.0
1586267	25.0
156304	25.0
74649	24.0
2570926	24.0
2448451	24.0
206403	24.0
3870	23.0
373638	23.0
2713247	23.0
2705034	23.0
143995	23.0
47770	22.0
411798	21.0
34504	21.0
2069348	20.0
115081	20.0
91411	19.0
610380	19.0
3821	19.0
4232	18.0
216816	18.0
1505723	18.0
4039	17.0
473952	16.0
3900	16.0
2676440	16.0
220714	16.0
1747	16.0
2756	15.0
1584	15.0
1313	15.0
1311	15.0
7264	14.0
67767	14.0
1219383	14.0
1219382	14.0
6973	13.0
638619	13.0
34674	13.0
2094261	13.0
157463	13.0
1351	13.0
103372	13.0
307492	12.0
2676449	12.0
1596	12.0
121225	12.0
5297	11.0
520822	11.0
307491	11.0
283737	11.0
174628	11.0
7370	10.0
727	10.0
679249	10.0
609295	10.0
47715	10.0
471511	10.0
4081	10.0
3848	10.0
33968	10.0
2676439	10.0
1587	10.0
157652	10.0
1496	10.0
1246	10.0
874455	9.0
77133	9.0
7229	9.0
7102	9.0
6339	9.0
28901	9.0
2676445	9.0
267555	9.0
2066515	9.0
1528099	9.0
1505866	9.0
1296538	9.0
1280	9.0
1251	9.0
1218495	9.0
78345	8.0
487	8.0
33960	8.0
1680	8.0
1437190	8.0
1293831	8.0
872327	7.0
76775	7.0
743375	7.0
573	7.0
36087	7.0
2419772	7.0
2026795	7.0
1970471	7.0
189913	7.0
1679467	7.0
1601	7.0
1352	7.0
1314	7.0
1252	7.0
1247	7.0
1244	7.0
109790	7.0
866801	6.0
74645	6.0
7425	6.0
7234	6.0
712124	6.0
56459	6.0
449659	6.0
4236	6.0
4170	6.0
29760	6.0
287	6.0
2676448	6.0
2509004	6.0
2070537	6.0
2069353	6.0
203908	6.0
2027860	6.0
1681194	6.0
1681	6.0
1679466	6.0
158787	6.0
1525360	6.0
1462733	6.0
1403932	6.0
1245	6.0
1070421	6.0
1000413	6.0
9544	5.0
76193	5.0
7375	5.0
7232	5.0
69319	5.0
6293	5.0
548	5.0
3818	5.0
3816	5.0
37344	5.0
35883	5.0
355587	5.0
35525	5.0
2705037	5.0
2676443	5.0
2511055	5.0
2511054	5.0
2486011	5.0
2012495	5.0
164546	5.0
1600	5.0
1597	5.0
9545	4.0
9541	4.0
866564	4.0
76773	4.0
7038	4.0
670	4.0
6579	4.0
649756	4.0
645	4.0
6334	4.0
6279	4.0
593090	4.0
584	4.0
569	4.0
543379	4.0
51201	4.0
479936	4.0
47621	4.0
472368	4.0
46969	4.0
454923	4.0
434464	4.0
42157	4.0
42155	4.0
394935	4.0
38293	4.0
3755	4.0
3634	4.0
36330	4.0
35885	4.0
35703	4.0
33905	4.0
33114	4.0
29461	4.0
2715675	4.0
2705031	4.0
2656761	4.0
2493120	4.0
2083017	4.0
2047875	4.0
2038154	4.0
2008380	4.0
192	4.0
1909294	4.0
1891241	4.0
1871086	4.0
1871066	4.0
1868660	4.0
1796922	4.0
1694	4.0
1652	4.0
161934	4.0
1599	4.0
1598	4.0
1580	4.0
155866	4.0
1535	4.0
1505726	4.0
1403935	4.0
137838	4.0
136037	4.0
1358	4.0
1318	4.0
1307	4.0
1208583	4.0
756892	3.0
747	3.0
64791	3.0
57918	3.0
455371	3.0
392566	3.0
3917	3.0
3827	3.0
305	3.0
29058	3.0
2713246	3.0
2653176	3.0
2528593	3.0
2493111	3.0
2069352	3.0
2069292	3.0
187304	3.0
1825976	3.0
1775559	3.0
1701325	3.0
159749	3.0
1505	3.0
1194345	3.0
1049336	3.0
9601	2.0
9598	2.0
9515	2.0
94625	2.0
94130	2.0
935262	2.0
9244	2.0
85336	2.0
84698	2.0
83554	2.0
8208	2.0
81857	2.0
7962	2.0
7757	2.0
7385	2.0
7266	2.0
7260	2.0
7240	2.0
7237	2.0
7226	2.0
7222	2.0
7213	2.0
72026	2.0
72019	2.0
712411	2.0
7054	2.0
669202	2.0
6669	2.0
666	2.0
665950	2.0
664683	2.0
6565	2.0
651561	2.0
638617	2.0
63577	2.0
632	2.0
615	2.0
613905	2.0
607712	2.0
58919	2.0
588596	2.0
571254	2.0
571	2.0
56958	2.0
552	2.0
54736	2.0
545617	2.0
539	2.0
53345	2.0
52689	2.0
519050	2.0
51022	2.0
483908	2.0
483012	2.0
481723	2.0
47917	2.0
46066	2.0
457502	2.0
45351	2.0
44252	2.0
43669	2.0
43335	2.0
418856	2.0
4097	2.0
4096	2.0
409322	2.0
4072	2.0
40576	2.0
40545	2.0
40324	2.0
401558	2.0
39491	2.0
3914	2.0
3847	2.0
38286	2.0
382	2.0
376620	2.0
376489	2.0
36809	2.0
366586	2.0
3641	2.0
363952	2.0
358	2.0
357278	2.0
3562	2.0
35231	2.0
3476	2.0
340095	2.0
33959	2.0
33007	2.0
329046	2.0
319652	2.0
310910	2.0
307972	2.0
304207	2.0
300111	2.0
299642	2.0
294	2.0
29348	2.0
29053	2.0
28448	2.0
283909	2.0
28118	2.0
279832	2.0
2751	2.0
27406	2.0
27349	2.0
2705429	2.0
2705428	2.0
270250	2.0
2666139	2.0
2666134	2.0
2662234	2.0
265960	2.0
2656762	2.0
264956	2.0
260936	2.0
2579935	2.0
2576071	2.0
2562755	2.0
252130	2.0
2497473	2.0
2496267	2.0
2493119	2.0
2482794	2.0
246266	2.0
237446	2.0
235205	2.0
227945	2.0
225359	2.0
222816	2.0
2213226	2.0
219809	2.0
218140	2.0
217634	2.0
215250	2.0
2130	2.0
212056	2.0
2107999	2.0
210225	2.0
210143	2.0
2079008	2.0
207710	2.0
2069351	2.0
2069349	2.0
2057	2.0
2026771	2.0
2026094	2.0
2022803	2.0
2015558	2.0
2004646	2.0
1981069	2.0
1978231	2.0
1970566	2.0
1970550	2.0
1965070	2.0
195883	2.0
194326	2.0
190892	2.0
1908198	2.0
1884368	2.0
1883427	2.0
1871070	2.0
1869227	2.0
1852815	2.0
1847728	2.0
1830	2.0
1825523	2.0
1808352	2.0
1798183	2.0
1798181	2.0
1732567	2.0
1720083	2.0
1689	2.0
1685	2.0
1630173	2.0
1630162	2.0
1629404	2.0
1624	2.0
1613	2.0
158441	2.0
1581113	2.0
1579	2.0
1552750	2.0
1531	2.0
152925	2.0
151894	2.0
1511912	2.0
1508390	2.0
1486991	2.0
1485682	2.0
144034	2.0
1428	2.0
142686	2.0
1403934	2.0
1395944	2.0
1376	2.0
137545	2.0
133926	2.0
1336744	2.0
133434	2.0
13068	2.0
1305	2.0
130453	2.0
1290	2.0
1262977	2.0
1262706	2.0
1254	2.0
1231522	2.0
1230389	2.0
1190620	2.0
1176	2.0
1125979	2.0
1101373	2.0
106654	2.0
1041015	2.0
102285	2.0
983706	1.0
981085	1.0
9597	1.0
9568	1.0
90675	1.0
88728	1.0
87883	1.0
851	1.0
7515	1.0
7238	1.0
7216	1.0
7160	1.0
710836	1.0
6956	1.0
64838	1.0
64793	1.0
64391	1.0
6337	1.0
6210	1.0
6182	1.0
59479	1.0
58331	1.0
582	1.0
579748	1.0
57706	1.0
561088	1.0
549	1.0
51642	1.0
51543	1.0
5061	1.0
487174	1.0
481719	1.0
463051	1.0
461393	1.0
4571	1.0
4530	1.0
420645	1.0
390841	1.0
3871	1.0
38284	1.0
381742	1.0
3775	1.0
3760	1.0
375175	1.0
3712	1.0
3711	1.0
3702	1.0
3673	1.0
334116	1.0
316	1.0
29361	1.0
28526	1.0
281375	1.0
2719119	1.0
2705032	1.0
2687316	1.0
2656760	1.0
265458	1.0
2575923	1.0
2565932	1.0
2562524	1.0
255248	1.0
253239	1.0
2511993	1.0
2509718	1.0
2479367	1.0
246144	1.0
2448454	1.0
2419603	1.0
2203724	1.0
2201156	1.0
214856	1.0
211228	1.0
2058332	1.0
202956	1.0
2026742	1.0
2015799	1.0
1986859	1.0
1970474	1.0
1954172	1.0
1913988	1.0
1907666	1.0
1907412	1.0
1899430	1.0
1895706	1.0
181675	1.0
1798155	1.0
1797940	1.0
176857	1.0
174	1.0
170720	1.0
1692	1.0
1653207	1.0
1639	1.0
1631247	1.0
1623	1.0
1622	1.0
1621259	1.0
1620	1.0
1619234	1.0
161879	1.0
1590	1.0
157688	1.0
157538	1.0
1566282	1.0
1550073	1.0
1515746	1.0
1510841	1.0
1472719	1.0
137591	1.0
137357	1.0
133901	1.0
13123	1.0
1293415	1.0
1243662	1.0
1232801	1.0
1193512	1.0
1183409	1.0
1162706	1.0
1159321	1.0
108931	1.0
106335	1.0
104452	1.0
104098	1.0
102107	1.0
100468	1.0
